time,x,y,z,phi,theta,psi,x_velocity,y_velocity,z_velocity,phi_velocity,theta_velocity,psi_velocity,rotor_speed1,rotor_speed2,rotor_speed3,rotor_speed4
0.06,-9.75320958292e-07,6.55481825759e-08,10.0052481326,6.96269998421e-05,0.00066248192396,0.0,-7.68658491729e-05,6.23065563779e-06,0.174926373879,0.00338599893254,0.0270340306623,0.0,459.42178265437013,461.5598271894531,459.4928992424509,459.7611758490408
0.12000000000000001,-2.60720365335e-05,2.64651566831e-06,10.0194113845,6.28317002709,0.0022144577632,0.0,-0.000926901126855,8.84847450198e-05,0.297157220808,-0.0133530128574,0.0234223618073,0.0,444.77298116719595,444.47726889860377,443.94856144681273,442.5732357786927
0.18,-0.000132375517661,4.54143923132e-06,10.0400900387,6.28204649632,0.00329922739133,0.0,-0.00274561822028,-0.000119659429453,0.392102456422,-0.0325359717944,0.00436941178753,0.0,436.4892006125999,434.8964715276868,435.9139209664452,434.3082163765101
0.23999999999999996,-0.000368021001438,-3.41551820803e-05,10.0671586382,6.28036358868,0.0034568960707,0.0,-0.00513131515673,-0.00135911579023,0.510137889939,-0.0203186200827,-0.00110542427624,0.0,442.77762158859406,442.32700641645033,442.48098116552194,443.4852222981124
0.3,-0.000759938948104,-0.00019004146559,10.1044695397,6.27888401734,0.00350790351865,0.0,-0.0079316094994,-0.00399679913043,0.733441498917,-0.0351807431569,0.00449973161086,0.0,474.36667459567064,474.7968201098377,475.4266098918285,474.2866117227183
0.36000000000000004,-0.0013041301421,-0.000519544792283,10.149979368,6.27628181146,0.00391592895595,0.0,-0.0102403948786,-0.00720008590702,0.783518239487,-0.0696320938139,0.0110449377859,0.0,419.9847889020542,420.55191702775886,423.8749399213015,420.90274076549514
0.4200000000000001,-0.00200574793412,-0.00111564693886,10.2008583421,6.27289868412,0.00481742163621,0.0,-0.013230664375,-0.0130622449391,0.912349574337,-0.0381569888626,0.0219867796146,0.0,446.30789146298576,447.1998338056472,445.1751223309797,447.74033655165067
0.48000000000000015,-0.00288490857009,-0.00207974621575,10.2547738757,6.27044517566,0.00628138182954,0.0,-0.016190821716,-0.019271229838,0.88485393658,-0.0470134204296,0.0288332349105,0.0,394.7613408753446,395.3926827613245,395.8586722247899,395.0418351308529
0.5400000000000001,-0.00398845324687,-0.00350055885391,10.3101493285,6.26727720686,0.00839629574515,0.0,-0.0207852447826,-0.0283795733169,0.960927752723,-0.0680560352969,0.0457047251485,0.0,429.5950238445583,431.0236208555743,430.7347783885674,428.9496738756426
0.6000000000000002,-0.0054373690145,-0.00558028355194,10.3727645491,6.26318344532,0.0114540404293,0.0,-0.0278363080978,-0.0413985525123,1.12608664682,-0.0685780993138,0.0598152243715,0.0,457.18989259972767,458.3141752574905,458.4590380169564,458.41420723106967
0.6600000000000003,-0.00734487997123,-0.00847060409452,10.4422564275,6.25937843956,0.0148931483645,0.0,-0.0360869940248,-0.055325417346,1.19023142683,-0.0547028833109,0.0517905671083,0.0,427.80682585724446,427.125466811909,425.3971876861664,426.5803432624771
0.7200000000000003,-0.00979638183166,-0.0122417812944,10.5145115553,6.25624389974,0.0180042340299,0.0,-0.045913407273,-0.0706724554549,1.21823069135,-0.0477283544198,0.0519728268015,0.0,415.1303208717909,415.14825551093395,414.4888433949983,415.0992728081898
0.7800000000000004,-0.0129419242163,-0.0170595381741,10.5909636669,6.25353712231,0.0211296552563,0.0,-0.0592597643796,-0.0902045321802,1.33003395303,-0.0403387497634,0.0523242912547,0.0,442.2119402081204,442.2426599867539,441.9607450248448,442.5681160794236
0.8400000000000004,-0.017043448167,-0.0232284785276,10.6782364018,6.25105790304,0.0238839940377,0.0,-0.0778226255982,-0.115721162363,1.57872812408,-0.0433589329851,0.028238903376,0.0,484.6527705710129,482.84027900889294,483.70699763558383,483.478767868496
0.9000000000000005,-0.0223193492228,-0.030988651014,10.7803486357,6.24870487433,0.0255398726372,0.0,-0.0982393329965,-0.14324451139,1.82463589488,-0.0320090033915,0.0262844844368,0.0,483.9222892174507,483.7752849376869,482.83385533280784,483.6886397770891
0.9600000000000005,-0.0286764172857,-0.0402068589099,10.8900562675,6.24694000083,0.0272853676401,0.0,-0.113810118296,-0.16419139963,1.83226111403,-0.0246747854766,0.0341847636807,0.0,409.59282887672373,410.2951142874489,409.9924021938103,410.64312260789234
1.0200000000000005,-0.0360509493436,-0.0507788595003,11.0020456444,6.24502464318,0.029175136978,0.0,-0.132197272868,-0.188363632264,1.9005925953,-0.0531904132189,0.0254900490259,0.0,430.3426393624733,429.6064665959732,431.8408236437409,429.4282852762047
1.0800000000000005,-0.0445764928221,-0.0628608626135,11.1185355279,6.24200408997,0.0310405451943,0.0,-0.152154256978,-0.214672727109,1.98224421363,-0.045183067019,0.0404287974293,0.0,434.86146747797085,436.1113087148434,433.9337210057155,434.60365603132965
1.1400000000000006,-0.054538295556,-0.0768420169969,11.24618516,6.23914676302,0.0339424139509,0.0,-0.180240667118,-0.251705408533,2.2721804883,-0.0530088753314,0.0607800521813,0.0,497.3820411991045,498.87128712618113,497.126187411354,496.55133217154815
1.2000000000000006,-0.0660227664286,-0.0928067838597,11.3841666996,6.23661489515,0.0378303749426,0.0,-0.202931899334,-0.280715600332,2.32706290386,-0.0264563286254,0.0718189079734,0.0,426.70400220966957,427.6485362058884,427.3604415165207,429.6164189127645
1.2600000000000007,-0.0791508385629,-0.110804744029,11.5307314401,6.23482780751,0.0419308639288,0.0,-0.235163935039,-0.319397319315,2.55790185605,-0.0374471253977,0.0602812218814,0.0,482.14244402821805,481.2730935572647,482.89656994338617,482.0665917368342
1.3200000000000007,-0.0941006307163,-0.130930195858,11.6862140461,6.23253235389,0.0454880467469,0.0,-0.263505147957,-0.351664775375,2.62466559911,-0.0399293617833,0.0572194700853,0.0,434.6039060250316,434.3497636602522,431.9334405090093,431.7232962941438
1.3800000000000008,-0.110840534756,-0.153059485592,11.8461268595,6.2302255893,0.0491184697813,0.0,-0.294834849887,-0.386202333323,2.70553411684,-0.0356339786248,0.0663801693707,0.0,437.4044159497214,438.1692799367067,438.20494863198456,438.5611148733824
1.4400000000000008,-0.129524796089,-0.177295217464,12.0106691464,6.22772705335,0.0533861867261,0.0,-0.328372071433,-0.421870076322,2.7789876494,-0.0577191787658,0.0792422745128,0.0,435.3714485952243,436.4502059575009,437.43611292473787,435.5920282419749
1.5000000000000009,-0.150407261737,-0.203826130145,12.1814017993,6.22444255733,0.0587615898735,0.0,-0.36824022213,-0.462834836452,2.91170370367,-0.0493696061543,0.104821425832,0.0,454.01391951071383,456.06781025821016,455.2109043307185,455.87661148126625
1.560000000000001,-0.173688713991,-0.232770248047,12.3581652154,6.22156578135,0.0652999024622,0.0,-0.408424045305,-0.502242334481,2.98015948352,-0.0452424565498,0.116189236522,0.0,435.127901662683,436.0891836078461,436.17170519018435,436.5148003691531
1.620000000000001,-0.199907514804,-0.264501312591,12.5449287429,6.2193786466,0.0724241470781,0.0,-0.466379894378,-0.55571792647,3.24446959845,-0.0229985834711,0.123396309897,0.0,495.10057472731467,495.64160195888866,494.62103241912814,496.2559314424788
1.680000000000001,-0.229171119806,-0.298956744249,12.7391991385,6.21795582663,0.0797110445795,0.0,-0.509704170524,-0.592918591171,3.23117049714,-0.0251834315883,0.11724055779,0.0,411.5780825779808,411.0474959751235,411.38872617205936,411.19510029136654
1.740000000000001,-0.261510973251,-0.335952478875,12.9369737761,6.21604049798,0.0871937603175,0.0,-0.569037208735,-0.640423233047,3.36083556215,-0.0509126296445,0.136538332256,0.0,457.35113032018796,458.89898962358257,458.04048028215374,455.98918286795373
1.8000000000000012,-0.297314760418,-0.375646293409,13.1395698264,6.21330650659,0.0951165649941,0.0,-0.62515709657,-0.68295999106,3.39215291486,-0.0365874625017,0.121084546416,0.0,428.487929265137,427.1887131391708,426.39633492895376,427.6170667439745
1.8600000000000012,-0.337247199539,-0.418387844665,13.3503829727,6.21130690354,0.102156417285,0.0,-0.706734244811,-0.741959760185,3.63405546688,-0.0274953245381,0.108514755626,0.0,492.32516392189865,491.4050547428433,492.305035888014,492.97700544474446
1.9200000000000013,-0.381341090029,-0.464086778915,13.5669721074,6.20937472609,0.108566100493,0.0,-0.763597890484,-0.781491211141,3.58563356664,-0.0438430378027,0.103224474785,0.0,402.2425764215955,401.77448991740806,404.43270935120034,402.9569173453211
1.9800000000000013,-0.429268217374,-0.512406181632,13.7835135167,6.20643143983,0.114723565622,0.0,-0.834539955431,-0.829402529727,3.63213036085,-0.0623183533949,0.101397494759,0.0,434.477019737437,434.33321913929746,435.74756172884054,434.198595264922
2.0400000000000014,-0.48167799331,-0.563731718773,14.0037482608,6.20306250985,0.120627066423,0.0,-0.913017222733,-0.881774559683,3.70862251739,-0.0460262324885,0.091582360625,0.0,444.9356419161603,444.1395757522956,444.6695967197836,446.0000819393272
2.1000000000000014,-0.53861513923,-0.61806660349,14.2261114018,6.20050353958,0.126575974599,0.0,-0.985390853537,-0.929618243217,3.70336080505,-0.0366331357496,0.111096968917,0.0,418.29468961053993,419.9997003807904,418.644683818414,419.46011546083923
2.1600000000000015,-0.600961410936,-0.675934166484,14.4555627957,6.19808489756,0.133287888938,0.0,-1.09353615989,-0.999508682499,3.94398900102,-0.0489221879628,0.113357832219,0.0,495.04833536385354,495.2243664646224,496.1014661603521,495.197577998078
2.2200000000000015,-0.669558895351,-0.737799483192,14.6964190399,6.19604971653,0.140397483845,0.0,-1.19373254035,-1.06287729705,4.08383725594,-0.0140525744821,0.127166330123,0.0,467.43578006147965,468.5224314790003,466.37898843380145,469.0941193281508
2.2800000000000016,-0.74416521128,-0.803404663016,14.9444942278,6.19497946471,0.147733625047,0.0,-1.29385977154,-1.12402152595,4.18474839506,-0.0267505169297,0.110041986485,0.0,457.83810287170576,456.4864136147167,458.16521848903864,457.1545148778856
2.3400000000000016,-0.825426812476,-0.872995344824,15.201890842,6.19403877382,0.154760639802,0.0,-1.4155485828,-1.19573321185,4.3940844555,0.000346648093008,0.128435839162,0.0,490.1121389015899,491.48812714825755,490.33259005418154,492.34172748538435
2.4000000000000017,-0.913446334415,-0.946498964874,15.467265606,6.19389713447,0.162393310034,0.0,-1.51913498737,-1.25436921602,4.45128378112,-0.00841546719398,0.124644690015,0.0,446.5156214701535,446.2208778045013,448.23981755835905,447.5271508079259
2.4600000000000017,-1.00750431296,-1.02334947551,15.7340712709,6.19295075738,0.169690982682,0.0,-1.61677515476,-1.30737177064,4.44204864513,-0.0375695491085,0.114791763505,0.0,427.0706219745267,426.2432782235986,427.543772758507,425.0522214011669
2.520000000000002,-1.10794472613,-1.10361058669,16.002573273,6.19051904396,0.176680938638,0.0,-1.73186665457,-1.36819320209,4.50747381703,-0.0472211123805,0.11970963121,0.0,451.65109553959763,452.0594960056625,450.90090224593774,450.11956212783883
2.580000000000002,-1.21592255258,-1.18782436222,16.2776743113,6.18733688763,0.183628537299,0.0,-1.86805537836,-1.43918610207,4.66157593683,-0.0683969598732,0.106518881417,0.0,479.5199728946588,478.52762531859,480.89943850564686,479.29081038772176
2.640000000000002,-1.33237315136,-1.27644756387,16.5627467813,6.18364334906,0.19042522461,0.0,-2.01423460017,-1.51526818423,4.83968771081,-0.0505443940235,0.124185161786,0.0,487.8504781005566,489.1779386153413,488.11479970616233,489.4429882219557
2.700000000000002,-1.45713668803,-1.36939532956,16.8552635517,6.1806158763,0.197742280167,0.0,-2.14520651914,-1.58323925039,4.91018483171,-0.0502854700442,0.117064642064,0.0,458.7762366356554,458.22336259752745,458.347785543211,458.3668410966684
2.760000000000002,-1.59035684251,-1.46671010548,17.1541815594,6.17795390688,0.204845007533,0.0,-2.29609197698,-1.66080502686,5.0526786625,-0.0345849212138,0.120883142455,0.0,481.1282133948623,481.4286744045991,481.84365576268004,483.02829311079864
2.820000000000002,-1.73208791162,-1.56837797671,17.4582445092,6.17601146156,0.212503588893,0.0,-2.42892915371,-1.72827776552,5.08222185824,-0.0282840813335,0.138549688213,0.0,448.9977338553818,450.4434184951025,448.31404024085595,448.8254102782041
2.880000000000002,-1.8829821218,-1.6746430688,17.7687918544,6.17425755499,0.22134598807,0.0,-2.60165509777,-1.81396573976,5.2679393285,-0.0311975952082,0.160856219519,0.0,497.82797333386515,499.4751586114335,497.2240446814271,497.0103681937767
2.940000000000002,-2.04338712528,-1.785574924,18.0857294446,6.17295976242,0.230993566175,0.0,-2.7460110562,-1.88386335983,5.29600354081,-0.00726807158806,0.160666335467,0.0,452.8181601452174,452.82693574936883,451.9179011816944,453.8429248190571
3.000000000000002,-2.21231679018,-1.90057057917,18.4029415019,6.17284553435,0.240923533205,0.0,-2.88581154013,-1.94933757206,5.27733153742,0.00710405774108,0.173731236688,0.0,437.990994719355,439.1028296805995,438.95031500973187,440.14167126289937
3.0600000000000023,-2.38978314314,-2.01948057521,18.7188511626,6.17267902089,0.251781224547,0.0,-3.03063483307,-2.01429075959,5.25257850333,-0.046298778508,0.192475341903,0.0,437.74589241385905,439.33498072700723,439.5847679441948,435.135946221717
3.1200000000000023,-2.57641602462,-2.1424222964,19.0342935273,6.16984433309,0.263176494599,0.0,-3.19142756733,-2.08396817351,5.26144704815,-0.0492066646166,0.184259002904,0.0,450.8594373917623,450.22949920937094,449.6339917090551,449.3969860921694
3.1800000000000024,-2.77291375282,-2.26959623795,19.3502096412,6.16707650853,0.275038621418,0.0,-3.35946087299,-2.1553639601,5.26833118869,-0.0405973894305,0.2161030553,0.0,449.87588029765686,452.48393221015675,450.4313530493451,451.1259603390629
3.2400000000000024,-2.98037640117,-2.40136770977,19.6687444992,6.16462206776,0.288201757732,0.0,-3.55706853609,-2.23714755132,5.34819649851,-0.0415344104953,0.225243201599,0.0,475.26093011170616,476.0051469757232,476.07325662351326,476.00078635970124
3.3000000000000025,-3.20024389097,-2.53820003084,19.9928751672,6.16172315198,0.301611562489,0.0,-3.77297558258,-2.32405540953,5.45459153175,-0.0674813067324,0.219760230694,0.0,486.96478639876415,486.5991356955313,487.6240354523089,485.6800859172804
3.3600000000000025,-3.43353938998,-2.68037962057,20.3238602425,6.15774748363,0.314653419269,0.0,-4.00460111524,-2.41550856955,5.57646446373,-0.0639272274194,0.212091715242,0.0,495.27860815248886,494.755544047698,494.14411372938423,494.40331366285415
3.4200000000000026,-3.67874867553,-2.82725252213,20.6551649119,6.15390437444,0.327791365773,0.0,-4.17006543689,-2.48052977697,5.46670475163,-0.0643020557388,0.230014758857,0.0,421.4409594736694,423.0374203554538,424.2983171803315,424.26291715005317
3.4800000000000026,-3.93540193126,-2.97857501122,20.9835858475,6.14979461439,0.341702780428,0.0,-4.38611705578,-2.56379093613,5.47941611004,-0.0785770936786,0.235301364773,0.0,465.0116973638678,465.4765526442593,466.13492997123393,465.01438847920593
3.5400000000000027,-4.20582110426,-3.13516354705,21.314130625,6.1445630248,0.356156990872,0.0,-4.62893239328,-2.65611265812,5.53705902597,-0.116208315644,0.25023018787,0.0,481.57897274413443,482.75980740731643,484.14266374490893,481.29593697241353
3.6000000000000028,-4.4881395381,-3.29628817227,21.6401571985,6.1376120528,0.370960545732,0.0,-4.78280541267,-2.71515138119,5.33052880134,-0.115142114781,0.238608123412,0.0,395.7175624675516,394.7150741891606,394.9601831832545,395.044699347502
3.660000000000003,-4.78127569245,-3.46155175852,21.9572270527,6.13111073947,0.385533502846,0.0,-4.98946843325,-2.79405397455,5.23762894291,-0.0974116139345,0.250280177343,0.0,435.81534542724086,436.8500518937295,436.6055627096256,438.07202598702327
3.720000000000003,-5.08897225341,-3.63235272062,22.2732417135,6.12509345254,0.40023895601,0.0,-5.26810830336,-2.89962773622,5.29417165734,-0.106765239458,0.23193237273,0.0,489.21391171989876,487.8993326646689,488.75687981626146,488.05135637978407
3.780000000000003,-5.41165915676,-3.80883762209,22.5877769108,6.11862533781,0.414676125666,0.0,-5.48914448528,-2.98358013374,5.18941610937,-0.109958376065,0.253930957249,0.0,437.9526911695286,439.8370378727494,439.47759900544605,439.2024008445329
3.840000000000003,-5.74796355131,-3.99048913185,22.8961539482,6.11192162848,0.429973429689,0.0,-5.72206089795,-3.07183682548,5.08871829611,-0.115523443697,0.256924266606,0.0,443.2535693101652,443.56499297394754,442.5817216734433,442.11215486331264
3.900000000000003,-6.09851502116,-4.1775319986,23.1983869393,6.10541593836,0.445193181525,0.0,-5.96402599225,-3.16327655684,4.9845311017,-0.0970823964517,0.246195305951,0.0,443.83611597562015,443.01908734830505,444.51257453981026,446.01113026297094
3.960000000000003,-6.46512917308,-4.37062168745,23.4968707512,6.100187534,0.45985725051,0.0,-6.25734027733,-3.27325570017,4.96304630069,-0.0723601232513,0.240555614042,0.0,475.908561317041,475.53201617206525,474.6404772874199,476.5285196916367
4.020000000000002,-6.84813848768,-4.56983768995,23.790962034,6.09562523127,0.474185486374,0.0,-6.51059803798,-3.36746750895,4.83885008527,-0.0846484236014,0.235055982074,0.0,445.0979341651536,444.7043258840646,444.1640853224957,443.1501847153964
4.080000000000001,-7.24612670588,-4.77459820567,24.0765897052,6.091682385,0.488057488053,0.0,-6.75663920257,-3.45808252089,4.68110765113,-0.0425967415883,0.222108010869,0.0,435.65139887446026,434.62134237700513,432.78039405979905,436.30259857597156
4.14,-7.65724240859,-4.98417365547,24.3492000876,6.08909660733,0.501449099136,0.0,-6.94834715316,-3.52799108195,4.40584971637,-0.0441142897959,0.225276828328,0.0,390.4961518683002,390.848622192208,391.45357254794436,391.3109741744352
4.199999999999998,-8.083264681,-5.19910200568,24.6109264106,6.08646764282,0.515043673937,0.0,-7.25318412471,-3.63628219591,4.31670264071,-0.0432263902176,0.229051503226,0.0,462.72365711620455,463.0695011854793,462.74503766358345,462.813953966195
4.259999999999997,-8.5281391046,-5.42066424942,24.8676587052,6.08413547689,0.528988520407,0.0,-7.57669788323,-3.74906765444,4.23914283099,-0.0313357473989,0.238398895925,0.0,470.42157499305307,471.19536290427925,470.675551278855,471.5944950878913
4.319999999999996,-8.99044345334,-5.64825993135,25.1157983525,6.08226835265,0.544037488867,0.0,-7.83444489215,-3.83750641454,4.03119735138,-0.0306882909868,0.26820500317,0.0,425.643846235765,428.25244299093157,427.7036743602986,427.7584604885976
4.379999999999995,-9.46872957272,-5.8812722809,25.3517536712,6.08108277696,0.560487425233,0.0,-8.10942202091,-3.9295508794,3.83270887403,-0.00388903276774,0.283986596521,0.0,433.0255775639748,434.4291102957309,432.8358821523576,435.0861401147859
4.439999999999993,-9.96266175042,-6.11946082671,25.5738999521,6.08137829871,0.577749555058,0.0,-8.35611015279,-4.01005215477,3.57129190296,0.0184108285456,0.294240221043,0.0,411.96717754352846,412.9639404092831,410.64991098812266,412.62401435598866
4.499999999999992,-10.4735561571,-6.36306079614,25.7830609709,6.08286245585,0.595586303397,0.0,-8.67462517657,-4.10967360204,3.39892366195,0.0350716719668,0.302740369683,0.0,449.1458493632157,449.9235836883204,450.08221018339975,451.4291605118995
4.559999999999991,-11.0017103516,-6.61198608195,25.9785820221,6.08507966781,0.613839722266,0.0,-8.93165076146,-4.18772418345,3.11743649224,0.0404732454,0.307029392562,0.0,410.45758869852926,410.94080550913054,411.0657584156459,411.5450818484758
4.6199999999999894,-11.5470078182,-6.86598320861,26.1590646646,6.08765635022,0.632580153051,0.0,-9.24587466229,-4.27855798791,2.89689954388,0.0474774521349,0.321251626216,0.0,438.6236644069088,439.90404690196306,439.06119239388335,439.64315730071917
4.679999999999988,-12.111536013,-7.1254190049,26.3262015867,6.09098274878,0.651581938118,0.0,-9.57262691857,-4.36896067965,2.67240293012,0.0678880793095,0.305563575042,0.0,442.8453098856625,441.65530534849114,442.2162708966673,443.89699195326756
4.739999999999987,-12.6940023364,-7.38975011349,26.4771207308,6.09533567772,0.669722981251,0.0,-9.8440210717,-4.44189671506,2.35706139182,0.0805331274109,0.29501630595,0.0,410.1150982270941,409.2783708207523,408.6873148139914,409.8178131978533
4.799999999999986,-13.2956034835,-7.65903255307,26.6121183228,6.09976836725,0.687413587748,0.0,-10.2100539352,-4.53372180109,2.14059425272,0.0552508627141,0.294496339119,0.0,454.39835097932524,454.44296520186515,456.60396504082405,454.58572131811
4.859999999999984,-13.9173802219,-7.93331364182,26.7313730237,6.10307236454,0.705218434904,0.0,-10.5167569389,-4.60876765066,1.83292701891,0.0546957194591,0.300897320399,0.0,422.77715591756754,423.42287260151954,422.74292201911203,422.69726684895045
4.919999999999983,-14.559875325,-8.21249826422,26.8342765301,6.10646939921,0.723024509984,0.0,-10.9002885128,-4.69697983785,1.59462852176,0.0602057832316,0.286900254788,0.0,457.3631384770381,456.3333292314421,458.25322533973355,458.693250406588
4.979999999999982,-15.2247990367,-8.4967577996,26.9215990801,6.1102806257,0.73990995291,0.0,-11.2644484166,-4.77799723929,1.31382039968,0.0694367639932,0.26730251152,0.0,448.0694632442329,446.55196347872385,446.1991464991898,446.95530199005407
5.0399999999999805,-15.9112428446,-8.78572523873,26.9911226655,6.11414164612,0.756001956871,0.0,-11.6176845583,-4.8539568241,1.00149030369,0.0515029932996,0.269933454789,0.0,439.6564459552889,439.94784913216336,440.74601667713745,439.2637000134543
